2021/10/10-23:23:43.353340 7f3aa2300cc0 RocksDB version: 6.17.3
2021/10/10-23:23:43.353815 7f3aa2300cc0 Git sha rocksdb_build_git_sha:@09c7e96eac1ab983f97ce9e0406730b8014b3398@
2021/10/10-23:23:43.353820 7f3aa2300cc0 Compile date Sep 29 2021
2021/10/10-23:23:43.353944 7f3aa2300cc0 DB SUMMARY
2021/10/10-23:23:43.353947 7f3aa2300cc0 DB Session ID:  595FMPE12Y86TC3E98QS
2021/10/10-23:23:43.354384 7f3aa2300cc0 CURRENT file:  CURRENT
2021/10/10-23:23:43.354388 7f3aa2300cc0 IDENTITY file:  IDENTITY
2021/10/10-23:23:43.354553 7f3aa2300cc0 MANIFEST file:  MANIFEST-000084 size: 2646 Bytes
2021/10/10-23:23:43.354607 7f3aa2300cc0 SST files in test-ledger/rocksdb dir, Total Num: 7, files: 000077.sst 000078.sst 000079.sst 000080.sst 000081.sst 000082.sst 000083.sst 
2021/10/10-23:23:43.354611 7f3aa2300cc0 Write Ahead Log file in test-ledger/rocksdb: 000085.log size: 54361593 ; 
2021/10/10-23:23:43.354614 7f3aa2300cc0                         Options.error_if_exists: 0
2021/10/10-23:23:43.354621 7f3aa2300cc0                       Options.create_if_missing: 1
2021/10/10-23:23:43.354623 7f3aa2300cc0                         Options.paranoid_checks: 1
2021/10/10-23:23:43.354914 7f3aa2300cc0                               Options.track_and_verify_wals_in_manifest: 0
2021/10/10-23:23:43.354919 7f3aa2300cc0                                     Options.env: 0x7f3aa4e99660
2021/10/10-23:23:43.354923 7f3aa2300cc0                                      Options.fs: Posix File System
2021/10/10-23:23:43.354926 7f3aa2300cc0                                Options.info_log: 0x7fffc308ef30
2021/10/10-23:23:43.354928 7f3aa2300cc0                Options.max_file_opening_threads: 16
2021/10/10-23:23:43.354959 7f3aa2300cc0                              Options.statistics: (nil)
2021/10/10-23:23:43.354962 7f3aa2300cc0                               Options.use_fsync: 0
2021/10/10-23:23:43.354965 7f3aa2300cc0                       Options.max_log_file_size: 0
2021/10/10-23:23:43.354967 7f3aa2300cc0                  Options.max_manifest_file_size: 1073741824
2021/10/10-23:23:43.354970 7f3aa2300cc0                   Options.log_file_time_to_roll: 0
2021/10/10-23:23:43.354989 7f3aa2300cc0                       Options.keep_log_file_num: 1000
2021/10/10-23:23:43.354992 7f3aa2300cc0                    Options.recycle_log_file_num: 0
2021/10/10-23:23:43.354994 7f3aa2300cc0                         Options.allow_fallocate: 1
2021/10/10-23:23:43.354996 7f3aa2300cc0                        Options.allow_mmap_reads: 0
2021/10/10-23:23:43.354999 7f3aa2300cc0                       Options.allow_mmap_writes: 0
2021/10/10-23:23:43.355001 7f3aa2300cc0                        Options.use_direct_reads: 0
2021/10/10-23:23:43.355018 7f3aa2300cc0                        Options.use_direct_io_for_flush_and_compaction: 0
2021/10/10-23:23:43.355021 7f3aa2300cc0          Options.create_missing_column_families: 1
2021/10/10-23:23:43.355023 7f3aa2300cc0                              Options.db_log_dir: 
2021/10/10-23:23:43.355026 7f3aa2300cc0                                 Options.wal_dir: test-ledger/rocksdb
2021/10/10-23:23:43.355028 7f3aa2300cc0                Options.table_cache_numshardbits: 6
2021/10/10-23:23:43.355045 7f3aa2300cc0                         Options.WAL_ttl_seconds: 0
2021/10/10-23:23:43.355048 7f3aa2300cc0                       Options.WAL_size_limit_MB: 0
2021/10/10-23:23:43.355050 7f3aa2300cc0                        Options.max_write_batch_group_size_bytes: 1048576
2021/10/10-23:23:43.355053 7f3aa2300cc0             Options.manifest_preallocation_size: 4194304
2021/10/10-23:23:43.355055 7f3aa2300cc0                     Options.is_fd_close_on_exec: 1
2021/10/10-23:23:43.355072 7f3aa2300cc0                   Options.advise_random_on_open: 1
2021/10/10-23:23:43.355074 7f3aa2300cc0                    Options.db_write_buffer_size: 0
2021/10/10-23:23:43.355077 7f3aa2300cc0                    Options.write_buffer_manager: 0x7fffc3119350
2021/10/10-23:23:43.355079 7f3aa2300cc0         Options.access_hint_on_compaction_start: 1
2021/10/10-23:23:43.355082 7f3aa2300cc0  Options.new_table_reader_for_compaction_inputs: 0
2021/10/10-23:23:43.355084 7f3aa2300cc0           Options.random_access_max_buffer_size: 1048576
2021/10/10-23:23:43.355141 7f3aa2300cc0                      Options.use_adaptive_mutex: 0
2021/10/10-23:23:43.355145 7f3aa2300cc0                            Options.rate_limiter: (nil)
2021/10/10-23:23:43.355154 7f3aa2300cc0     Options.sst_file_manager.rate_bytes_per_sec: 0
2021/10/10-23:23:43.355157 7f3aa2300cc0                       Options.wal_recovery_mode: 2
2021/10/10-23:23:43.355159 7f3aa2300cc0                  Options.enable_thread_tracking: 0
2021/10/10-23:23:43.355182 7f3aa2300cc0                  Options.enable_pipelined_write: 0
2021/10/10-23:23:43.355185 7f3aa2300cc0                  Options.unordered_write: 0
2021/10/10-23:23:43.355187 7f3aa2300cc0         Options.allow_concurrent_memtable_write: 1
2021/10/10-23:23:43.355190 7f3aa2300cc0      Options.enable_write_thread_adaptive_yield: 1
2021/10/10-23:23:43.355192 7f3aa2300cc0             Options.write_thread_max_yield_usec: 100
2021/10/10-23:23:43.355194 7f3aa2300cc0            Options.write_thread_slow_yield_usec: 3
2021/10/10-23:23:43.355209 7f3aa2300cc0                               Options.row_cache: None
2021/10/10-23:23:43.355212 7f3aa2300cc0                              Options.wal_filter: None
2021/10/10-23:23:43.355214 7f3aa2300cc0             Options.avoid_flush_during_recovery: 0
2021/10/10-23:23:43.355217 7f3aa2300cc0             Options.allow_ingest_behind: 0
2021/10/10-23:23:43.355219 7f3aa2300cc0             Options.preserve_deletes: 0
2021/10/10-23:23:43.355221 7f3aa2300cc0             Options.two_write_queues: 0
2021/10/10-23:23:43.355235 7f3aa2300cc0             Options.manual_wal_flush: 0
2021/10/10-23:23:43.355238 7f3aa2300cc0             Options.atomic_flush: 0
2021/10/10-23:23:43.355240 7f3aa2300cc0             Options.avoid_unnecessary_blocking_io: 0
2021/10/10-23:23:43.355242 7f3aa2300cc0                 Options.persist_stats_to_disk: 0
2021/10/10-23:23:43.355245 7f3aa2300cc0                 Options.write_dbid_to_manifest: 0
2021/10/10-23:23:43.355247 7f3aa2300cc0                 Options.log_readahead_size: 0
2021/10/10-23:23:43.355261 7f3aa2300cc0                 Options.file_checksum_gen_factory: Unknown
2021/10/10-23:23:43.355264 7f3aa2300cc0                 Options.best_efforts_recovery: 0
2021/10/10-23:23:43.355266 7f3aa2300cc0                Options.max_bgerror_resume_count: 2147483647
2021/10/10-23:23:43.355268 7f3aa2300cc0            Options.bgerror_resume_retry_interval: 1000000
2021/10/10-23:23:43.355271 7f3aa2300cc0             Options.allow_data_in_errors: 0
2021/10/10-23:23:43.355284 7f3aa2300cc0             Options.db_host_id: __hostname__
2021/10/10-23:23:43.355287 7f3aa2300cc0             Options.max_background_jobs: 12
2021/10/10-23:23:43.355289 7f3aa2300cc0             Options.max_background_compactions: -1
2021/10/10-23:23:43.355292 7f3aa2300cc0             Options.max_subcompactions: 1
2021/10/10-23:23:43.355294 7f3aa2300cc0             Options.avoid_flush_during_shutdown: 0
2021/10/10-23:23:43.355296 7f3aa2300cc0           Options.writable_file_max_buffer_size: 1048576
2021/10/10-23:23:43.355310 7f3aa2300cc0             Options.delayed_write_rate : 16777216
2021/10/10-23:23:43.355313 7f3aa2300cc0             Options.max_total_wal_size: 4294967296
2021/10/10-23:23:43.355315 7f3aa2300cc0             Options.delete_obsolete_files_period_micros: 21600000000
2021/10/10-23:23:43.355318 7f3aa2300cc0                   Options.stats_dump_period_sec: 600
2021/10/10-23:23:43.355320 7f3aa2300cc0                 Options.stats_persist_period_sec: 600
2021/10/10-23:23:43.355334 7f3aa2300cc0                 Options.stats_history_buffer_size: 1048576
2021/10/10-23:23:43.355337 7f3aa2300cc0                          Options.max_open_files: -1
2021/10/10-23:23:43.355339 7f3aa2300cc0                          Options.bytes_per_sync: 0
2021/10/10-23:23:43.355342 7f3aa2300cc0                      Options.wal_bytes_per_sync: 0
2021/10/10-23:23:43.355344 7f3aa2300cc0                   Options.strict_bytes_per_sync: 0
2021/10/10-23:23:43.355346 7f3aa2300cc0       Options.compaction_readahead_size: 0
2021/10/10-23:23:43.355390 7f3aa2300cc0                  Options.max_background_flushes: -1
2021/10/10-23:23:43.355393 7f3aa2300cc0 Compression algorithms supported:
2021/10/10-23:23:43.355396 7f3aa2300cc0 	kZSTDNotFinalCompression supported: 0
2021/10/10-23:23:43.355399 7f3aa2300cc0 	kZSTD supported: 0
2021/10/10-23:23:43.355401 7f3aa2300cc0 	kXpressCompression supported: 0
2021/10/10-23:23:43.355403 7f3aa2300cc0 	kLZ4HCCompression supported: 1
2021/10/10-23:23:43.355406 7f3aa2300cc0 	kLZ4Compression supported: 1
2021/10/10-23:23:43.355424 7f3aa2300cc0 	kBZip2Compression supported: 0
2021/10/10-23:23:43.355427 7f3aa2300cc0 	kZlibCompression supported: 0
2021/10/10-23:23:43.355429 7f3aa2300cc0 	kSnappyCompression supported: 0
2021/10/10-23:23:43.355434 7f3aa2300cc0 Fast CRC32 supported: Supported on x86
2021/10/10-23:23:43.362515 7f3aa2300cc0 [db/version_set.cc:4757] Recovering from manifest file: test-ledger/rocksdb/MANIFEST-000084
2021/10/10-23:23:43.369775 7f3aa2300cc0 [db/column_family.cc:597] --------------- Options for column family [default]:
2021/10/10-23:23:43.369815 7f3aa2300cc0               Options.comparator: leveldb.BytewiseComparator
2021/10/10-23:23:43.369822 7f3aa2300cc0           Options.merge_operator: None
2021/10/10-23:23:43.369825 7f3aa2300cc0        Options.compaction_filter: None
2021/10/10-23:23:43.369827 7f3aa2300cc0        Options.compaction_filter_factory: None
2021/10/10-23:23:43.369829 7f3aa2300cc0  Options.sst_partitioner_factory: None
2021/10/10-23:23:43.369832 7f3aa2300cc0         Options.memtable_factory: SkipListFactory
2021/10/10-23:23:43.369849 7f3aa2300cc0            Options.table_factory: BlockBasedTable
2021/10/10-23:23:43.369965 7f3aa2300cc0            table_factory options:   flush_block_policy_factory: FlushBlockBySizePolicyFactory (0x7fffc3114840)
  cache_index_and_filter_blocks: 0
  cache_index_and_filter_blocks_with_high_priority: 1
  pin_l0_filter_and_index_blocks_in_cache: 0
  pin_top_level_index_and_filter: 1
  index_type: 0
  data_block_index_type: 0
  index_shortening: 1
  data_block_hash_table_util_ratio: 0.750000
  hash_index_allow_collision: 1
  checksum: 1
  no_block_cache: 0
  block_cache: 0x7fffc3114890
  block_cache_name: LRUCache
  block_cache_options:
    capacity : 8388608
    num_shard_bits : 4
    strict_capacity_limit : 0
    memory_allocator : None
    high_pri_pool_ratio: 0.000
  block_cache_compressed: (nil)
  persistent_cache: (nil)
  block_size: 4096
  block_size_deviation: 10
  block_restart_interval: 16
  index_block_restart_interval: 1
  metadata_block_size: 4096
  partition_filters: 0
  use_delta_encoding: 1
  filter_policy: nullptr
  whole_key_filtering: 1
  verify_compression: 0
  read_amp_bytes_per_bit: 0
  format_version: 4
  enable_index_compression: 1
  block_align: 0
2021/10/10-23:23:43.370008 7f3aa2300cc0        Options.write_buffer_size: 67108864
2021/10/10-23:23:43.370012 7f3aa2300cc0  Options.max_write_buffer_number: 2
2021/10/10-23:23:43.370014 7f3aa2300cc0          Options.compression: NoCompression
2021/10/10-23:23:43.370029 7f3aa2300cc0                  Options.bottommost_compression: Disabled
2021/10/10-23:23:43.370032 7f3aa2300cc0       Options.prefix_extractor: nullptr
2021/10/10-23:23:43.370035 7f3aa2300cc0   Options.memtable_insert_with_hint_prefix_extractor: nullptr
2021/10/10-23:23:43.370037 7f3aa2300cc0             Options.num_levels: 7
2021/10/10-23:23:43.370039 7f3aa2300cc0        Options.min_write_buffer_number_to_merge: 1
2021/10/10-23:23:43.370042 7f3aa2300cc0     Options.max_write_buffer_number_to_maintain: 0
2021/10/10-23:23:43.370056 7f3aa2300cc0     Options.max_write_buffer_size_to_maintain: 0
2021/10/10-23:23:43.370059 7f3aa2300cc0            Options.bottommost_compression_opts.window_bits: -14
2021/10/10-23:23:43.370061 7f3aa2300cc0                  Options.bottommost_compression_opts.level: 32767
2021/10/10-23:23:43.370063 7f3aa2300cc0               Options.bottommost_compression_opts.strategy: 0
2021/10/10-23:23:43.370066 7f3aa2300cc0         Options.bottommost_compression_opts.max_dict_bytes: 0
2021/10/10-23:23:43.370089 7f3aa2300cc0         Options.bottommost_compression_opts.zstd_max_train_bytes: 0
2021/10/10-23:23:43.370091 7f3aa2300cc0         Options.bottommost_compression_opts.parallel_threads: 1
2021/10/10-23:23:43.370094 7f3aa2300cc0                  Options.bottommost_compression_opts.enabled: false
2021/10/10-23:23:43.370096 7f3aa2300cc0            Options.compression_opts.window_bits: -14
2021/10/10-23:23:43.370098 7f3aa2300cc0                  Options.compression_opts.level: 32767
2021/10/10-23:23:43.370118 7f3aa2300cc0               Options.compression_opts.strategy: 0
2021/10/10-23:23:43.370120 7f3aa2300cc0         Options.compression_opts.max_dict_bytes: 0
2021/10/10-23:23:43.370123 7f3aa2300cc0         Options.compression_opts.zstd_max_train_bytes: 0
2021/10/10-23:23:43.370125 7f3aa2300cc0         Options.compression_opts.parallel_threads: 1
2021/10/10-23:23:43.370127 7f3aa2300cc0                  Options.compression_opts.enabled: false
2021/10/10-23:23:43.370130 7f3aa2300cc0      Options.level0_file_num_compaction_trigger: 4
2021/10/10-23:23:43.370144 7f3aa2300cc0          Options.level0_slowdown_writes_trigger: 20
2021/10/10-23:23:43.370147 7f3aa2300cc0              Options.level0_stop_writes_trigger: 36
2021/10/10-23:23:43.370149 7f3aa2300cc0                   Options.target_file_size_base: 67108864
2021/10/10-23:23:43.370152 7f3aa2300cc0             Options.target_file_size_multiplier: 1
2021/10/10-23:23:43.370154 7f3aa2300cc0                Options.max_bytes_for_level_base: 268435456
2021/10/10-23:23:43.370168 7f3aa2300cc0 Options.level_compaction_dynamic_level_bytes: 0
2021/10/10-23:23:43.370170 7f3aa2300cc0          Options.max_bytes_for_level_multiplier: 10.000000
2021/10/10-23:23:43.370183 7f3aa2300cc0 Options.max_bytes_for_level_multiplier_addtl[0]: 1
2021/10/10-23:23:43.370186 7f3aa2300cc0 Options.max_bytes_for_level_multiplier_addtl[1]: 1
2021/10/10-23:23:43.370188 7f3aa2300cc0 Options.max_bytes_for_level_multiplier_addtl[2]: 1
2021/10/10-23:23:43.370190 7f3aa2300cc0 Options.max_bytes_for_level_multiplier_addtl[3]: 1
2021/10/10-23:23:43.370206 7f3aa2300cc0 Options.max_bytes_for_level_multiplier_addtl[4]: 1
2021/10/10-23:23:43.370209 7f3aa2300cc0 Options.max_bytes_for_level_multiplier_addtl[5]: 1
2021/10/10-23:23:43.370211 7f3aa2300cc0 Options.max_bytes_for_level_multiplier_addtl[6]: 1
2021/10/10-23:23:43.370213 7f3aa2300cc0       Options.max_sequential_skip_in_iterations: 8
2021/10/10-23:23:43.370216 7f3aa2300cc0                    Options.max_compaction_bytes: 1677721600
2021/10/10-23:23:43.370231 7f3aa2300cc0                        Options.arena_block_size: 8388608
2021/10/10-23:23:43.370234 7f3aa2300cc0   Options.soft_pending_compaction_bytes_limit: 68719476736
2021/10/10-23:23:43.370236 7f3aa2300cc0   Options.hard_pending_compaction_bytes_limit: 274877906944
2021/10/10-23:23:43.370239 7f3aa2300cc0       Options.rate_limit_delay_max_milliseconds: 100
2021/10/10-23:23:43.370241 7f3aa2300cc0                Options.disable_auto_compactions: 0
2021/10/10-23:23:43.370245 7f3aa2300cc0                        Options.compaction_style: kCompactionStyleLevel
2021/10/10-23:23:43.370259 7f3aa2300cc0                          Options.compaction_pri: kMinOverlappingRatio
2021/10/10-23:23:43.370262 7f3aa2300cc0 Options.compaction_options_universal.size_ratio: 1
2021/10/10-23:23:43.370264 7f3aa2300cc0 Options.compaction_options_universal.min_merge_width: 2
2021/10/10-23:23:43.370267 7f3aa2300cc0 Options.compaction_options_universal.max_merge_width: 4294967295
2021/10/10-23:23:43.370269 7f3aa2300cc0 Options.compaction_options_universal.max_size_amplification_percent: 200
2021/10/10-23:23:43.370283 7f3aa2300cc0 Options.compaction_options_universal.compression_size_percent: -1
2021/10/10-23:23:43.370287 7f3aa2300cc0 Options.compaction_options_universal.stop_style: kCompactionStopStyleTotalSize
2021/10/10-23:23:43.370289 7f3aa2300cc0 Options.compaction_options_fifo.max_table_files_size: 1073741824
2021/10/10-23:23:43.370291 7f3aa2300cc0 Options.compaction_options_fifo.allow_compaction: 0
2021/10/10-23:23:43.370366 7f3aa2300cc0                   Options.table_properties_collectors: 
2021/10/10-23:23:43.370369 7f3aa2300cc0                   Options.inplace_update_support: 0
2021/10/10-23:23:43.370372 7f3aa2300cc0                 Options.inplace_update_num_locks: 10000
2021/10/10-23:23:43.370374 7f3aa2300cc0               Options.memtable_prefix_bloom_size_ratio: 0.000000
2021/10/10-23:23:43.370377 7f3aa2300cc0               Options.memtable_whole_key_filtering: 0
2021/10/10-23:23:43.370379 7f3aa2300cc0   Options.memtable_huge_page_size: 0
2021/10/10-23:23:43.370400 7f3aa2300cc0                           Options.bloom_locality: 0
2021/10/10-23:23:43.370403 7f3aa2300cc0                    Options.max_successive_merges: 0
2021/10/10-23:23:43.370405 7f3aa2300cc0                Options.optimize_filters_for_hits: 0
2021/10/10-23:23:43.370407 7f3aa2300cc0                Options.paranoid_file_checks: 0
2021/10/10-23:23:43.370409 7f3aa2300cc0                Options.force_consistency_checks: 1
2021/10/10-23:23:43.370412 7f3aa2300cc0                Options.report_bg_io_stats: 0
2021/10/10-23:23:43.370426 7f3aa2300cc0                               Options.ttl: 2592000
2021/10/10-23:23:43.370429 7f3aa2300cc0          Options.periodic_compaction_seconds: 0
2021/10/10-23:23:43.370431 7f3aa2300cc0                    Options.enable_blob_files: false
2021/10/10-23:23:43.370433 7f3aa2300cc0                        Options.min_blob_size: 0
2021/10/10-23:23:43.370436 7f3aa2300cc0                       Options.blob_file_size: 268435456
2021/10/10-23:23:43.370450 7f3aa2300cc0                Options.blob_compression_type: NoCompression
2021/10/10-23:23:43.370453 7f3aa2300cc0       Options.enable_blob_garbage_collection: false
2021/10/10-23:23:43.370455 7f3aa2300cc0   Options.blob_garbage_collection_age_cutoff: 0.250000
2021/10/10-23:23:43.370759 7f3aa2300cc0 [db/column_family.cc:597] --------------- Options for column family [meta]:
2021/10/10-23:23:43.370763 7f3aa2300cc0               Options.comparator: leveldb.BytewiseComparator
2021/10/10-23:23:43.370785 7f3aa2300cc0           Options.merge_operator: None
2021/10/10-23:23:43.370788 7f3aa2300cc0        Options.compaction_filter: None
2021/10/10-23:23:43.370797 7f3aa2300cc0        Options.compaction_filter_factory: purged_slot_filter_factory(meta)
2021/10/10-23:23:43.370799 7f3aa2300cc0  Options.sst_partitioner_factory: None
2021/10/10-23:23:43.370802 7f3aa2300cc0         Options.memtable_factory: SkipListFactory
2021/10/10-23:23:43.370804 7f3aa2300cc0            Options.table_factory: BlockBasedTable
2021/10/10-23:23:43.370860 7f3aa2300cc0            table_factory options:   flush_block_policy_factory: FlushBlockBySizePolicyFactory (0x7fffc30ea8b0)
  cache_index_and_filter_blocks: 0
  cache_index_and_filter_blocks_with_high_priority: 1
  pin_l0_filter_and_index_blocks_in_cache: 0
  pin_top_level_index_and_filter: 1
  index_type: 0
  data_block_index_type: 0
  index_shortening: 1
  data_block_hash_table_util_ratio: 0.750000
  hash_index_allow_collision: 1
  checksum: 1
  no_block_cache: 0
  block_cache: 0x7fffc30ea900
  block_cache_name: LRUCache
  block_cache_options:
    capacity : 8388608
    num_shard_bits : 4
    strict_capacity_limit : 0
    memory_allocator : None
    high_pri_pool_ratio: 0.000
  block_cache_compressed: (nil)
  persistent_cache: (nil)
  block_size: 4096
  block_size_deviation: 10
  block_restart_interval: 16
  index_block_restart_interval: 1
  metadata_block_size: 4096
  partition_filters: 0
  use_delta_encoding: 1
  filter_policy: nullptr
  whole_key_filtering: 1
  verify_compression: 0
  read_amp_bytes_per_bit: 0
  format_version: 4
  enable_index_compression: 1
  block_align: 0
2021/10/10-23:23:43.370889 7f3aa2300cc0        Options.write_buffer_size: 268435456
2021/10/10-23:23:43.370892 7f3aa2300cc0  Options.max_write_buffer_number: 8
2021/10/10-23:23:43.370894 7f3aa2300cc0          Options.compression: NoCompression
2021/10/10-23:23:43.370897 7f3aa2300cc0                  Options.bottommost_compression: Disabled
2021/10/10-23:23:43.370899 7f3aa2300cc0       Options.prefix_extractor: nullptr
2021/10/10-23:23:43.370916 7f3aa2300cc0   Options.memtable_insert_with_hint_prefix_extractor: nullptr
2021/10/10-23:23:43.370919 7f3aa2300cc0             Options.num_levels: 7
2021/10/10-23:23:43.370921 7f3aa2300cc0        Options.min_write_buffer_number_to_merge: 1
2021/10/10-23:23:43.370924 7f3aa2300cc0     Options.max_write_buffer_number_to_maintain: 0
2021/10/10-23:23:43.370926 7f3aa2300cc0     Options.max_write_buffer_size_to_maintain: 0
2021/10/10-23:23:43.370928 7f3aa2300cc0            Options.bottommost_compression_opts.window_bits: -14
2021/10/10-23:23:43.370946 7f3aa2300cc0                  Options.bottommost_compression_opts.level: 32767
2021/10/10-23:23:43.370949 7f3aa2300cc0               Options.bottommost_compression_opts.strategy: 0
2021/10/10-23:23:43.370951 7f3aa2300cc0         Options.bottommost_compression_opts.max_dict_bytes: 0
2021/10/10-23:23:43.370953 7f3aa2300cc0         Options.bottommost_compression_opts.zstd_max_train_bytes: 0
2021/10/10-23:23:43.370956 7f3aa2300cc0         Options.bottommost_compression_opts.parallel_threads: 1
2021/10/10-23:23:43.370970 7f3aa2300cc0                  Options.bottommost_compression_opts.enabled: false
2021/10/10-23:23:43.370972 7f3aa2300cc0            Options.compression_opts.window_bits: -14
2021/10/10-23:23:43.370975 7f3aa2300cc0                  Options.compression_opts.level: 32767
2021/10/10-23:23:43.370977 7f3aa2300cc0               Options.compression_opts.strategy: 0
2021/10/10-23:23:43.370979 7f3aa2300cc0         Options.compression_opts.max_dict_bytes: 0
2021/10/10-23:23:43.370994 7f3aa2300cc0         Options.compression_opts.zstd_max_train_bytes: 0
2021/10/10-23:23:43.370997 7f3aa2300cc0         Options.compression_opts.parallel_threads: 1
2021/10/10-23:23:43.370999 7f3aa2300cc0                  Options.compression_opts.enabled: false
2021/10/10-23:23:43.371001 7f3aa2300cc0      Options.level0_file_num_compaction_trigger: 4
2021/10/10-23:23:43.371003 7f3aa2300cc0          Options.level0_slowdown_writes_trigger: 20
2021/10/10-23:23:43.371017 7f3aa2300cc0              Options.level0_stop_writes_trigger: 36
2021/10/10-23:23:43.371020 7f3aa2300cc0                   Options.target_file_size_base: 107374182
2021/10/10-23:23:43.371022 7f3aa2300cc0             Options.target_file_size_multiplier: 1
2021/10/10-23:23:43.371025 7f3aa2300cc0                Options.max_bytes_for_level_base: 1073741824
2021/10/10-23:23:43.371027 7f3aa2300cc0 Options.level_compaction_dynamic_level_bytes: 0
2021/10/10-23:23:43.371029 7f3aa2300cc0          Options.max_bytes_for_level_multiplier: 10.000000
2021/10/10-23:23:43.371044 7f3aa2300cc0 Options.max_bytes_for_level_multiplier_addtl[0]: 1
2021/10/10-23:23:43.371047 7f3aa2300cc0 Options.max_bytes_for_level_multiplier_addtl[1]: 1
2021/10/10-23:23:43.371049 7f3aa2300cc0 Options.max_bytes_for_level_multiplier_addtl[2]: 1
2021/10/10-23:23:43.371052 7f3aa2300cc0 Options.max_bytes_for_level_multiplier_addtl[3]: 1
2021/10/10-23:23:43.371054 7f3aa2300cc0 Options.max_bytes_for_level_multiplier_addtl[4]: 1
2021/10/10-23:23:43.371068 7f3aa2300cc0 Options.max_bytes_for_level_multiplier_addtl[5]: 1
2021/10/10-23:23:43.371073 7f3aa2300cc0 Options.max_bytes_for_level_multiplier_addtl[6]: 1
2021/10/10-23:23:43.371075 7f3aa2300cc0       Options.max_sequential_skip_in_iterations: 8
2021/10/10-23:23:43.371078 7f3aa2300cc0                    Options.max_compaction_bytes: 2684354550
2021/10/10-23:23:43.371080 7f3aa2300cc0                        Options.arena_block_size: 33554432
2021/10/10-23:23:43.371082 7f3aa2300cc0   Options.soft_pending_compaction_bytes_limit: 68719476736
2021/10/10-23:23:43.371096 7f3aa2300cc0   Options.hard_pending_compaction_bytes_limit: 274877906944
2021/10/10-23:23:43.371099 7f3aa2300cc0       Options.rate_limit_delay_max_milliseconds: 100
2021/10/10-23:23:43.371102 7f3aa2300cc0                Options.disable_auto_compactions: 0
2021/10/10-23:23:43.371104 7f3aa2300cc0                        Options.compaction_style: kCompactionStyleLevel
2021/10/10-23:23:43.371107 7f3aa2300cc0                          Options.compaction_pri: kMinOverlappingRatio
2021/10/10-23:23:43.371122 7f3aa2300cc0 Options.compaction_options_universal.size_ratio: 1
2021/10/10-23:23:43.371125 7f3aa2300cc0 Options.compaction_options_universal.min_merge_width: 2
2021/10/10-23:23:43.371127 7f3aa2300cc0 Options.compaction_options_universal.max_merge_width: 4294967295
2021/10/10-23:23:43.371130 7f3aa2300cc0 Options.compaction_options_universal.max_size_amplification_percent: 200
2021/10/10-23:23:43.371132 7f3aa2300cc0 Options.compaction_options_universal.compression_size_percent: -1
2021/10/10-23:23:43.371148 7f3aa2300cc0 Options.compaction_options_universal.stop_style: kCompactionStopStyleTotalSize
2021/10/10-23:23:43.371151 7f3aa2300cc0 Options.compaction_options_fifo.max_table_files_size: 1073741824
2021/10/10-23:23:43.371153 7f3aa2300cc0 Options.compaction_options_fifo.allow_compaction: 0
2021/10/10-23:23:43.371159 7f3aa2300cc0                   Options.table_properties_collectors: 
2021/10/10-23:23:43.371161 7f3aa2300cc0                   Options.inplace_update_support: 0
2021/10/10-23:23:43.371176 7f3aa2300cc0                 Options.inplace_update_num_locks: 10000
2021/10/10-23:23:43.371180 7f3aa2300cc0               Options.memtable_prefix_bloom_size_ratio: 0.000000
2021/10/10-23:23:43.371183 7f3aa2300cc0               Options.memtable_whole_key_filtering: 0
2021/10/10-23:23:43.371185 7f3aa2300cc0   Options.memtable_huge_page_size: 0
2021/10/10-23:23:43.371188 7f3aa2300cc0                           Options.bloom_locality: 0
2021/10/10-23:23:43.371202 7f3aa2300cc0                    Options.max_successive_merges: 0
2021/10/10-23:23:43.371205 7f3aa2300cc0                Options.optimize_filters_for_hits: 0
2021/10/10-23:23:43.371207 7f3aa2300cc0                Options.paranoid_file_checks: 0
2021/10/10-23:23:43.371209 7f3aa2300cc0                Options.force_consistency_checks: 1
2021/10/10-23:23:43.371212 7f3aa2300cc0                Options.report_bg_io_stats: 0
2021/10/10-23:23:43.371214 7f3aa2300cc0                               Options.ttl: 2592000
2021/10/10-23:23:43.371228 7f3aa2300cc0          Options.periodic_compaction_seconds: 2592000
2021/10/10-23:23:43.371231 7f3aa2300cc0                    Options.enable_blob_files: false
2021/10/10-23:23:43.371233 7f3aa2300cc0                        Options.min_blob_size: 0
2021/10/10-23:23:43.371235 7f3aa2300cc0                       Options.blob_file_size: 268435456
2021/10/10-23:23:43.371238 7f3aa2300cc0                Options.blob_compression_type: NoCompression
2021/10/10-23:23:43.371240 7f3aa2300cc0       Options.enable_blob_garbage_collection: false
2021/10/10-23:23:43.371254 7f3aa2300cc0   Options.blob_garbage_collection_age_cutoff: 0.250000
2021/10/10-23:23:43.371335 7f3aa2300cc0 [db/column_family.cc:597] --------------- Options for column family [dead_slots]:
2021/10/10-23:23:43.371339 7f3aa2300cc0               Options.comparator: leveldb.BytewiseComparator
2021/10/10-23:23:43.371341 7f3aa2300cc0           Options.merge_operator: None
2021/10/10-23:23:43.371344 7f3aa2300cc0        Options.compaction_filter: None
2021/10/10-23:23:43.371364 7f3aa2300cc0        Options.compaction_filter_factory: purged_slot_filter_factory(dead_slots)
2021/10/10-23:23:43.371367 7f3aa2300cc0  Options.sst_partitioner_factory: None
2021/10/10-23:23:43.371369 7f3aa2300cc0         Options.memtable_factory: SkipListFactory
2021/10/10-23:23:43.371372 7f3aa2300cc0            Options.table_factory: BlockBasedTable
2021/10/10-23:23:43.371418 7f3aa2300cc0            table_factory options:   flush_block_policy_factory: FlushBlockBySizePolicyFactory (0x7fffc30ecb10)
  cache_index_and_filter_blocks: 0
  cache_index_and_filter_blocks_with_high_priority: 1
  pin_l0_filter_and_index_blocks_in_cache: 0
  pin_top_level_index_and_filter: 1
  index_type: 0
  data_block_index_type: 0
  index_shortening: 1
  data_block_hash_table_util_ratio: 0.750000
  hash_index_allow_collision: 1
  checksum: 1
  no_block_cache: 0
  block_cache: 0x7fffc30ecb60
  block_cache_name: LRUCache
  block_cache_options:
    capacity : 8388608
    num_shard_bits : 4
    strict_capacity_limit : 0
    memory_allocator : None
    high_pri_pool_ratio: 0.000
  block_cache_compressed: (nil)
  persistent_cache: (nil)
  block_size: 4096
  block_size_deviation: 10
  block_restart_interval: 16
  index_block_restart_interval: 1
  metadata_block_size: 4096
  partition_filters: 0
  use_delta_encoding: 1
  filter_policy: nullptr
  whole_key_filtering: 1
  verify_compression: 0
  read_amp_bytes_per_bit: 0
  format_version: 4
  enable_index_compression: 1
  block_align: 0
2021/10/10-23:23:43.371455 7f3aa2300cc0        Options.write_buffer_size: 268435456
2021/10/10-23:23:43.371458 7f3aa2300cc0  Options.max_write_buffer_number: 8
2021/10/10-23:23:43.371461 7f3aa2300cc0          Options.compression: NoCompression
2021/10/10-23:23:43.371463 7f3aa2300cc0                  Options.bottommost_compression: Disabled
2021/10/10-23:23:43.371465 7f3aa2300cc0       Options.prefix_extractor: nullptr
2021/10/10-23:23:43.371468 7f3aa2300cc0   Options.memtable_insert_with_hint_prefix_extractor: nullptr
2021/10/10-23:23:43.371484 7f3aa2300cc0             Options.num_levels: 7
2021/10/10-23:23:43.371486 7f3aa2300cc0        Options.min_write_buffer_number_to_merge: 1
2021/10/10-23:23:43.371489 7f3aa2300cc0     Options.max_write_buffer_number_to_maintain: 0
2021/10/10-23:23:43.371491 7f3aa2300cc0     Options.max_write_buffer_size_to_maintain: 0
2021/10/10-23:23:43.371493 7f3aa2300cc0            Options.bottommost_compression_opts.window_bits: -14
2021/10/10-23:23:43.371496 7f3aa2300cc0                  Options.bottommost_compression_opts.level: 32767
2021/10/10-23:23:43.371510 7f3aa2300cc0               Options.bottommost_compression_opts.strategy: 0
2021/10/10-23:23:43.371513 7f3aa2300cc0         Options.bottommost_compression_opts.max_dict_bytes: 0
2021/10/10-23:23:43.371515 7f3aa2300cc0         Options.bottommost_compression_opts.zstd_max_train_bytes: 0
2021/10/10-23:23:43.371517 7f3aa2300cc0         Options.bottommost_compression_opts.parallel_threads: 1
2021/10/10-23:23:43.371519 7f3aa2300cc0                  Options.bottommost_compression_opts.enabled: false
2021/10/10-23:23:43.371536 7f3aa2300cc0            Options.compression_opts.window_bits: -14
2021/10/10-23:23:43.371539 7f3aa2300cc0                  Options.compression_opts.level: 32767
2021/10/10-23:23:43.371541 7f3aa2300cc0               Options.compression_opts.strategy: 0
2021/10/10-23:23:43.371543 7f3aa2300cc0         Options.compression_opts.max_dict_bytes: 0
2021/10/10-23:23:43.371545 7f3aa2300cc0         Options.compression_opts.zstd_max_train_bytes: 0
2021/10/10-23:23:43.371561 7f3aa2300cc0         Options.compression_opts.parallel_threads: 1
2021/10/10-23:23:43.371563 7f3aa2300cc0                  Options.compression_opts.enabled: false
2021/10/10-23:23:43.371566 7f3aa2300cc0      Options.level0_file_num_compaction_trigger: 4
2021/10/10-23:23:43.371568 7f3aa2300cc0          Options.level0_slowdown_writes_trigger: 20
2021/10/10-23:23:43.371570 7f3aa2300cc0              Options.level0_stop_writes_trigger: 36
2021/10/10-23:23:43.371572 7f3aa2300cc0                   Options.target_file_size_base: 107374182
2021/10/10-23:23:43.371586 7f3aa2300cc0             Options.target_file_size_multiplier: 1
2021/10/10-23:23:43.371589 7f3aa2300cc0                Options.max_bytes_for_level_base: 1073741824
2021/10/10-23:23:43.371591 7f3aa2300cc0 Options.level_compaction_dynamic_level_bytes: 0
2021/10/10-23:23:43.371593 7f3aa2300cc0          Options.max_bytes_for_level_multiplier: 10.000000
2021/10/10-23:23:43.371597 7f3aa2300cc0 Options.max_bytes_for_level_multiplier_addtl[0]: 1
2021/10/10-23:23:43.371611 7f3aa2300cc0 Options.max_bytes_for_level_multiplier_addtl[1]: 1
2021/10/10-23:23:43.371614 7f3aa2300cc0 Options.max_bytes_for_level_multiplier_addtl[2]: 1
2021/10/10-23:23:43.371616 7f3aa2300cc0 Options.max_bytes_for_level_multiplier_addtl[3]: 1
2021/10/10-23:23:43.371618 7f3aa2300cc0 Options.max_bytes_for_level_multiplier_addtl[4]: 1
2021/10/10-23:23:43.371620 7f3aa2300cc0 Options.max_bytes_for_level_multiplier_addtl[5]: 1
2021/10/10-23:23:43.371623 7f3aa2300cc0 Options.max_bytes_for_level_multiplier_addtl[6]: 1
2021/10/10-23:23:43.371682 7f3aa2300cc0       Options.max_sequential_skip_in_iterations: 8
2021/10/10-23:23:43.371686 7f3aa2300cc0                    Options.max_compaction_bytes: 2684354550
2021/10/10-23:23:43.371688 7f3aa2300cc0                        Options.arena_block_size: 33554432
2021/10/10-23:23:43.371690 7f3aa2300cc0   Options.soft_pending_compaction_bytes_limit: 68719476736
2021/10/10-23:23:43.371693 7f3aa2300cc0   Options.hard_pending_compaction_bytes_limit: 274877906944
2021/10/10-23:23:43.371713 7f3aa2300cc0       Options.rate_limit_delay_max_milliseconds: 100
2021/10/10-23:23:43.371716 7f3aa2300cc0                Options.disable_auto_compactions: 0
2021/10/10-23:23:43.371719 7f3aa2300cc0                        Options.compaction_style: kCompactionStyleLevel
2021/10/10-23:23:43.371721 7f3aa2300cc0                          Options.compaction_pri: kMinOverlappingRatio
2021/10/10-23:23:43.371724 7f3aa2300cc0 Options.compaction_options_universal.size_ratio: 1
2021/10/10-23:23:43.371740 7f3aa2300cc0 Options.compaction_options_universal.min_merge_width: 2
2021/10/10-23:23:43.371742 7f3aa2300cc0 Options.compaction_options_universal.max_merge_width: 4294967295
2021/10/10-23:23:43.371745 7f3aa2300cc0 Options.compaction_options_universal.max_size_amplification_percent: 200
2021/10/10-23:23:43.371747 7f3aa2300cc0 Options.compaction_options_universal.compression_size_percent: -1
2021/10/10-23:23:43.371750 7f3aa2300cc0 Options.compaction_options_universal.stop_style: kCompactionStopStyleTotalSize
2021/10/10-23:23:43.371764 7f3aa2300cc0 Options.compaction_options_fifo.max_table_files_size: 1073741824
2021/10/10-23:23:43.371767 7f3aa2300cc0 Options.compaction_options_fifo.allow_compaction: 0
2021/10/10-23:23:43.371771 7f3aa2300cc0                   Options.table_properties_collectors: 
2021/10/10-23:23:43.371773 7f3aa2300cc0                   Options.inplace_update_support: 0
2021/10/10-23:23:43.371775 7f3aa2300cc0                 Options.inplace_update_num_locks: 10000
2021/10/10-23:23:43.371790 7f3aa2300cc0               Options.memtable_prefix_bloom_size_ratio: 0.000000
2021/10/10-23:23:43.371793 7f3aa2300cc0               Options.memtable_whole_key_filtering: 0
2021/10/10-23:23:43.371796 7f3aa2300cc0   Options.memtable_huge_page_size: 0
2021/10/10-23:23:43.371798 7f3aa2300cc0                           Options.bloom_locality: 0
2021/10/10-23:23:43.371800 7f3aa2300cc0                    Options.max_successive_merges: 0
2021/10/10-23:23:43.371803 7f3aa2300cc0                Options.optimize_filters_for_hits: 0
2021/10/10-23:23:43.371817 7f3aa2300cc0                Options.paranoid_file_checks: 0
2021/10/10-23:23:43.371819 7f3aa2300cc0                Options.force_consistency_checks: 1
2021/10/10-23:23:43.371822 7f3aa2300cc0                Options.report_bg_io_stats: 0
2021/10/10-23:23:43.371824 7f3aa2300cc0                               Options.ttl: 2592000
2021/10/10-23:23:43.371826 7f3aa2300cc0          Options.periodic_compaction_seconds: 2592000
2021/10/10-23:23:43.371841 7f3aa2300cc0                    Options.enable_blob_files: false
2021/10/10-23:23:43.371844 7f3aa2300cc0                        Options.min_blob_size: 0
2021/10/10-23:23:43.371846 7f3aa2300cc0                       Options.blob_file_size: 268435456
2021/10/10-23:23:43.371848 7f3aa2300cc0                Options.blob_compression_type: NoCompression
2021/10/10-23:23:43.371851 7f3aa2300cc0       Options.enable_blob_garbage_collection: false
2021/10/10-23:23:43.371853 7f3aa2300cc0   Options.blob_garbage_collection_age_cutoff: 0.250000
2021/10/10-23:23:43.371941 7f3aa2300cc0 [db/column_family.cc:597] --------------- Options for column family [duplicate_slots]:
2021/10/10-23:23:43.371944 7f3aa2300cc0               Options.comparator: leveldb.BytewiseComparator
2021/10/10-23:23:43.371947 7f3aa2300cc0           Options.merge_operator: None
2021/10/10-23:23:43.371949 7f3aa2300cc0        Options.compaction_filter: None
2021/10/10-23:23:43.371951 7f3aa2300cc0        Options.compaction_filter_factory: purged_slot_filter_factory(duplicate_slots)
2021/10/10-23:23:43.372032 7f3aa2300cc0  Options.sst_partitioner_factory: None
2021/10/10-23:23:43.372036 7f3aa2300cc0         Options.memtable_factory: SkipListFactory
2021/10/10-23:23:43.372039 7f3aa2300cc0            Options.table_factory: BlockBasedTable
2021/10/10-23:23:43.372097 7f3aa2300cc0            table_factory options:   flush_block_policy_factory: FlushBlockBySizePolicyFactory (0x7fffc30eed50)
  cache_index_and_filter_blocks: 0
  cache_index_and_filter_blocks_with_high_priority: 1
  pin_l0_filter_and_index_blocks_in_cache: 0
  pin_top_level_index_and_filter: 1
  index_type: 0
  data_block_index_type: 0
  index_shortening: 1
  data_block_hash_table_util_ratio: 0.750000
  hash_index_allow_collision: 1
  checksum: 1
  no_block_cache: 0
  block_cache: 0x7fffc30eeda0
  block_cache_name: LRUCache
  block_cache_options:
    capacity : 8388608
    num_shard_bits : 4
    strict_capacity_limit : 0
    memory_allocator : None
    high_pri_pool_ratio: 0.000
  block_cache_compressed: (nil)
  persistent_cache: (nil)
  block_size: 4096
  block_size_deviation: 10
  block_restart_interval: 16
  index_block_restart_interval: 1
  metadata_block_size: 4096
  partition_filters: 0
  use_delta_encoding: 1
  filter_policy: nullptr
  whole_key_filtering: 1
  verify_compression: 0
  read_amp_bytes_per_bit: 0
  format_version: 4
  enable_index_compression: 1
  block_align: 0
2021/10/10-23:23:43.372139 7f3aa2300cc0        Options.write_buffer_size: 268435456
2021/10/10-23:23:43.372156 7f3aa2300cc0  Options.max_write_buffer_number: 8
2021/10/10-23:23:43.372159 7f3aa2300cc0          Options.compression: NoCompression
2021/10/10-23:23:43.372161 7f3aa2300cc0                  Options.bottommost_compression: Disabled
2021/10/10-23:23:43.372164 7f3aa2300cc0       Options.prefix_extractor: nullptr
2021/10/10-23:23:43.372166 7f3aa2300cc0   Options.memtable_insert_with_hint_prefix_extractor: nullptr
2021/10/10-23:23:43.372168 7f3aa2300cc0             Options.num_levels: 7
2021/10/10-23:23:43.372182 7f3aa2300cc0        Options.min_write_buffer_number_to_merge: 1
2021/10/10-23:23:43.372185 7f3aa2300cc0     Options.max_write_buffer_number_to_maintain: 0
2021/10/10-23:23:43.372187 7f3aa2300cc0     Options.max_write_buffer_size_to_maintain: 0
2021/10/10-23:23:43.372189 7f3aa2300cc0            Options.bottommost_compression_opts.window_bits: -14
2021/10/10-23:23:43.372192 7f3aa2300cc0                  Options.bottommost_compression_opts.level: 32767
2021/10/10-23:23:43.372194 7f3aa2300cc0               Options.bottommost_compression_opts.strategy: 0
2021/10/10-23:23:43.372208 7f3aa2300cc0         Options.bottommost_compression_opts.max_dict_bytes: 0
2021/10/10-23:23:43.372211 7f3aa2300cc0         Options.bottommost_compression_opts.zstd_max_train_bytes: 0
2021/10/10-23:23:43.372213 7f3aa2300cc0         Options.bottommost_compression_opts.parallel_threads: 1
2021/10/10-23:23:43.372216 7f3aa2300cc0                  Options.bottommost_compression_opts.enabled: false
